-0.96875	-8.066504e-06
-0.90625	-1.182316e-05
-0.84375	-2.037386e-05
-0.78125	-5.532724e-05
-0.71875	-0.0006031375
-0.65625	-0.0005592811
-0.59375	-0.0005013382
-0.53125	-0.0004460741
-0.46875	-0.0003923586
-0.40625	-0.0003394258
-0.34375	-0.0002868881
-0.28125	-0.0002345577
-0.21875	-0.0001823436
-0.15625	-0.0001302006
-0.09375	-7.810294e-05
-0.03125	-2.603161e-05
0.03125	2.60309e-05
0.09375	7.810214e-05
0.15625	0.0001301997
0.21875	0.0001823425
0.28125	0.0002345563
0.34375	0.0002868863
0.40625	0.0003394235
0.46875	0.0003923558
0.53125	0.0004460702
0.59375	0.0005013366
0.65625	0.0005592733
0.71875	0.0006031422
0.78125	5.533095e-05
0.84375	2.036872e-05
0.90625	1.182174e-05
0.96875	8.065289e-06
