-0.984375	3.786526e-08
-0.953125	7.576684e-08
-0.921875	1.478874e-07
-0.890625	2.7261e-07
-0.859375	4.487321e-07
-0.828125	1.463087e-07
-0.796875	-1.814658e-05
-0.765625	-0.0003159763
-0.734375	-0.0005938416
-0.703125	-0.000585781
-0.671875	-0.0005601445
-0.640625	-0.0005339593
-0.609375	-0.0005078011
-0.578125	-0.0004816883
-0.546875	-0.0004556081
-0.515625	-0.0004295488
-0.484375	-0.0004035018
-0.453125	-0.0003774618
-0.421875	-0.0003514259
-0.390625	-0.0003253922
-0.359375	-0.0002993598
-0.328125	-0.000273328
-0.296875	-0.0002472966
-0.265625	-0.0002212653
-0.234375	-0.0001952341
-0.203125	-0.0001692029
-0.171875	-0.0001431718
-0.140625	-0.0001171406
-0.109375	-9.110935e-05
-0.078125	-6.507812e-05
-0.046875	-3.904688e-05
-0.015625	-1.301563e-05
0.015625	1.301562e-05
0.046875	3.904686e-05
0.078125	6.50781e-05
0.109375	9.110933e-05
0.140625	0.0001171405
0.171875	0.0001431717
0.203125	0.0001692029
0.234375	0.0001952341
0.265625	0.0002212653
0.296875	0.0002472965
0.328125	0.000273328
0.359375	0.0002993598
0.390625	0.0003253922
0.421875	0.0003514259
0.453125	0.0003774618
0.484375	0.0004035018
0.515625	0.0004295489
0.546875	0.0004556082
0.578125	0.0004816883
0.609375	0.0005078013
0.640625	0.0005339594
0.671875	0.0005601448
0.703125	0.000585781
0.734375	0.0005938421
0.765625	0.0003159764
0.796875	1.814688e-05
0.828125	-1.46165e-07
0.859375	-4.487062e-07
0.890625	-2.723953e-07
0.921875	-1.478219e-07
0.953125	-7.568465e-08
0.984375	-3.784714e-08
