-0.96875	3.21762e-05
-0.90625	8.262959e-05
-0.84375	7.876108e-05
-0.78125	3.201646e-05
-0.71875	-0.001250639
-0.65625	-0.00107822
-0.59375	-0.0009632268
-0.53125	-0.0008580592
-0.46875	-0.0007551275
-0.40625	-0.0006540512
-0.34375	-0.0005543067
-0.28125	-0.0004549256
-0.21875	-0.0003551141
-0.15625	-0.0002544963
-0.09375	-0.0001530745
-0.03125	-5.109111e-05
0.03125	5.109066e-05
0.09375	0.0001530739
0.15625	0.000254496
0.21875	0.0003551135
0.28125	0.0004549255
0.34375	0.000554306
0.40625	0.0006540514
0.46875	0.000755127
0.53125	0.0008580605
0.59375	0.0009632273
0.65625	0.001078224
0.71875	0.001250639
0.78125	-3.201662e-05
0.84375	-7.876276e-05
0.90625	-8.262946e-05
0.96875	-3.217618e-05
