-0.96875	-2.794611e-06
-0.90625	-8.376176e-06
-0.84375	-1.184097e-05
-0.78125	8.976843e-06
-0.71875	-0.0006014961
-0.65625	-0.0005471683
-0.59375	-0.0004973396
-0.53125	-0.0004490479
-0.46875	-0.0003992369
-0.40625	-0.0003475707
-0.34375	-0.0002946463
-0.28125	-0.0002410968
-0.21875	-0.0001873604
-0.15625	-0.000133674
-0.09375	-8.012322e-05
-0.03125	-2.669227e-05
0.03125	2.669237e-05
0.09375	8.012329e-05
0.15625	0.0001336741
0.21875	0.0001873604
0.28125	0.000241097
0.34375	0.0002946462
0.40625	0.0003475709
0.46875	0.0003992367
0.53125	0.0004490479
0.59375	0.0004973393
0.65625	0.0005471683
0.71875	0.0006014967
0.78125	-8.976759e-06
0.84375	1.184095e-05
0.90625	8.376248e-06
0.96875	2.79466e-06
