-0.96875	-1.504357e-05
-0.90625	-4.532458e-05
-0.84375	-6.828096e-05
-0.78125	-1.597154e-05
-0.71875	-0.0006051476
-0.65625	-0.0005410033
-0.59375	-0.0004875934
-0.53125	-0.0004400343
-0.46875	-0.0003921183
-0.40625	-0.0003423107
-0.34375	-0.0002909168
-0.28125	-0.0002385538
-0.21875	-0.0001857067
-0.15625	-0.0001326708
-0.09375	-7.959396e-05
-0.03125	-2.652817e-05
0.03125	2.652824e-05
0.09375	7.959401e-05
0.15625	0.0001326709
0.21875	0.0001857067
0.28125	0.0002385539
0.34375	0.0002909167
0.40625	0.0003423107
0.46875	0.0003921182
0.53125	0.000440034
0.59375	0.0004875935
0.65625	0.0005410029
0.71875	0.0006051487
0.78125	1.597139e-05
0.84375	6.828068e-05
0.90625	4.532466e-05
0.96875	1.504359e-05
