-0.975	-4.292625e-06
-0.925	-5.180767e-06
-0.875	-6.113208e-06
-0.825	-1.115578e-05
-0.775	-0.0001425754
-0.725	-0.000593727
-0.675	-0.0005694975
-0.625	-0.000525742
-0.575	-0.0004822088
-0.525	-0.0004393386
-0.475	-0.0003969334
-0.425	-0.0003548148
-0.375	-0.0003128676
-0.325	-0.000271025
-0.275	-0.000229249
-0.225	-0.0001875176
-0.175	-0.0001458175
-0.125	-0.0001041398
-0.075	-6.247761e-05
-0.025	-2.082456e-05
0.025	2.082544e-05
0.075	6.247851e-05
0.125	0.0001041408
0.175	0.0001458185
0.225	0.0001875186
0.275	0.0002292501
0.325	0.0002710261
0.375	0.0003128686
0.425	0.0003548156
0.475	0.000396934
0.525	0.0004393391
0.575	0.0004822107
0.625	0.0005257418
0.675	0.0005695025
0.725	0.0005937176
0.775	0.0001425688
0.825	1.116011e-05
0.875	6.112023e-06
0.925	5.182089e-06
0.975	4.292766e-06
