-0.9921875	9.041326e-07
-0.9765625	2.681194e-06
-0.9609375	4.361267e-06
-0.9453125	5.85085e-06
-0.9296875	7.01695e-06
-0.9140625	7.682454e-06
-0.8984375	7.632071e-06
-0.8828125	6.622914e-06
-0.8671875	4.388827e-06
-0.8515625	6.046645e-07
-0.8359375	-5.227221e-06
-0.8203125	-1.401295e-05
-0.8046875	-2.735607e-05
-0.7890625	-4.758349e-05
-0.7734375	-7.638843e-05
-0.7578125	-0.0001088372
-0.7421875	-0.0009266999
-0.7265625	-0.0007815653
-0.7109375	-0.0006772098
-0.6953125	-0.0006070332
-0.6796875	-0.0005622075
-0.6640625	-0.0005343577
-0.6484375	-0.0005168827
-0.6328125	-0.0005050938
-0.6171875	-0.0004959267
-0.6015625	-0.0004875373
-0.5859375	-0.0004789357
-0.5703125	-0.0004696832
-0.5546875	-0.0004596662
-0.5390625	-0.0004489397
-0.5234375	-0.0004376266
-0.5078125	-0.0004258613
-0.4921875	-0.0004137626
-0.4765625	-0.0004014243
-0.4609375	-0.0003889155
-0.4453125	-0.0003762851
-0.4296875	-0.0003635668
-0.4140625	-0.0003507832
-0.3984375	-0.0003379505
-0.3828125	-0.0003250793
-0.3671875	-0.0003121779
-0.3515625	-0.0002992518
-0.3359375	-0.0002863056
-0.3203125	-0.0002733428
-0.3046875	-0.0002603661
-0.2890625	-0.0002473777
-0.2734375	-0.0002343795
-0.2578125	-0.0002213729
-0.2421875	-0.0002083593
-0.2265625	-0.0001953396
-0.2109375	-0.0001823148
-0.1953125	-0.0001692854
-0.1796875	-0.0001562524
-0.1640625	-0.0001432161
-0.1484375	-0.0001301772
-0.1328125	-0.0001171358
-0.1171875	-0.0001040927
-0.1015625	-9.104783e-05
-0.0859375	-7.800181e-05
-0.0703125	-6.495472e-05
-0.0546875	-5.190697e-05
-0.0390625	-3.885866e-05
-0.0234375	-2.581016e-05
-0.0078125	-1.276153e-05
0.0078125	2.868795e-07
0.0234375	1.333502e-05
0.0390625	2.638257e-05
0.0546875	3.942948e-05
0.0703125	5.247547e-05
0.0859375	6.552048e-05
0.1015625	7.856423e-05
0.1171875	9.160668e-05
0.1328125	0.0001046476
0.1484375	0.0001176868
0.1640625	0.0001307241
0.1796875	0.0001437595
0.1953125	0.0001567926
0.2109375	0.0001698233
0.2265625	0.0001828514
0.2421875	0.0001958766
0.2578125	0.0002088986
0.2734375	0.000221917
0.2890625	0.0002349316
0.3046875	0.0002479418
0.3203125	0.000260947
0.3359375	0.0002739466
0.3515625	0.0002869396
0.3671875	0.0002999251
0.3828125	0.0003129015
0.3984375	0.0003258669
0.4140625	0.0003388184
0.4296875	0.0003517523
0.4453125	0.0003646625
0.4609375	0.0003775406
0.4765625	0.0003903745
0.4921875	0.0004031479
0.5078125	0.0004158406
0.5234375	0.0004284323
0.5390625	0.0004409105
0.5546875	0.0004532871
0.5703125	0.0004656245
0.5859375	0.0004780699
0.6015625	0.0004908906
0.6171875	0.0005044881
0.6328125	0.0005193644
0.6484375	0.0005359979
0.6640625	0.000554616
0.6796875	0.0005748852
0.6953125	0.0005956469
0.7109375	0.0006149237
0.7265625	0.0006304762
0.7421875	0.0006410987
0.7578125	0.0005372977
0.7734375	0.0003367749
0.7890625	0.0001459015
0.8046875	-2.713941e-05
0.8203125	-2.676663e-05
0.8359375	-1.966454e-05
0.8515625	-1.213914e-05
0.8671875	-6.588746e-06
0.8828125	-3.297612e-06
0.8984375	-1.698992e-06
0.9140625	-1.085815e-06
0.9296875	-9.060939e-07
0.9453125	-8.266487e-07
0.9609375	-6.932965e-07
0.9765625	-4.659625e-07
0.9921875	-1.648208e-07
