-0.9921875	4.745084e-06
-0.9765625	1.420175e-05
-0.9609375	2.380058e-05
-0.9453125	3.364798e-05
-0.9296875	4.389123e-05
-0.9140625	5.47175e-05
-0.8984375	6.639256e-05
-0.8828125	7.925819e-05
-0.8671875	9.375085e-05
-0.8515625	0.0001103065
-0.8359375	0.0001291209
-0.8203125	0.0001495501
-0.8046875	0.0001688867
-0.7890625	0.0001810951
-0.7734375	-0.0005747172
-0.7578125	-0.0004323955
-0.7421875	-0.0002219619
-0.7265625	-0.0002095922
-0.7109375	-0.000205718
-0.6953125	-0.0002049156
-0.6796875	-0.0002042648
-0.6640625	-0.000202653
-0.6484375	-0.0001999287
-0.6328125	-0.0001963016
-0.6171875	-0.0001920353
-0.6015625	-0.0001873572
-0.5859375	-0.000182431
-0.5703125	-0.0001773687
-0.5546875	-0.0001722411
-0.5390625	-0.0001670928
-0.5234375	-0.0001619504
-0.5078125	-0.0001568313
-0.4921875	-0.0001517415
-0.4765625	-0.000146686
-0.4609375	-0.0001416647
-0.4453125	-0.0001366785
-0.4296875	-0.0001317237
-0.4140625	-0.0001267987
-0.3984375	-0.0001219
-0.3828125	-0.0001170263
-0.3671875	-0.0001121729
-0.3515625	-0.0001073383
-0.3359375	-0.0001025191
-0.3203125	-9.771436e-05
-0.3046875	-9.29204e-05
-0.2890625	-8.813641e-05
-0.2734375	-8.335984e-05
-0.2578125	-7.859072e-05
-0.2421875	-7.382618e-05
-0.2265625	-6.906625e-05
-0.2109375	-6.430919e-05
-0.1953125	-5.955563e-05
-0.1796875	-5.480341e-05
-0.1640625	-5.005315e-05
-0.1484375	-4.530355e-05
-0.1328125	-4.055567e-05
-0.1171875	-3.580772e-05
-0.1015625	-3.106062e-05
-0.0859375	-2.631333e-05
-0.0703125	-2.156703e-05
-0.0546875	-1.682013e-05
-0.0390625	-1.20737e-05
-0.0234375	-7.326735e-06
-0.0078125	-2.58045e-06
0.0078125	2.166648e-06
0.0234375	6.913489e-06
0.0390625	1.166104e-05
0.0546875	1.640814e-05
0.0703125	2.115628e-05
0.0859375	2.590435e-05
0.1015625	3.065342e-05
0.1171875	3.540242e-05
0.1328125	4.015284e-05
0.1484375	4.490374e-05
0.1640625	4.96563e-05
0.1796875	5.44097e-05
0.1953125	5.916566e-05
0.2109375	6.392346e-05
0.2265625	6.868471e-05
0.2421875	7.344903e-05
0.2578125	7.821858e-05
0.2734375	8.299322e-05
0.2890625	8.777518e-05
0.3046875	9.256484e-05
0.3203125	9.73651e-05
0.3359375	0.0001021766
0.3515625	0.0001070025
0.3671875	0.000111844
0.3828125	0.000116705
0.3984375	0.0001215868
0.4140625	0.0001264934
0.4296875	0.0001314266
0.4453125	0.0001363905
0.4609375	0.0001413861
0.4765625	0.0001464164
0.4921875	0.0001514816
0.5078125	0.0001565817
0.5234375	0.0001617115
0.5390625	0.0001668642
0.5546875	0.000172023
0.5703125	0.0001771626
0.5859375	0.0001822358
0.6015625	0.0001871739
0.6171875	0.000191863
0.6328125	0.000196141
0.6484375	0.0001997802
0.6640625	0.0002025148
0.6796875	0.000204139
0.6953125	0.0002048023
0.7109375	0.0002056112
0.7265625	0.0002095178
0.7421875	0.0002219058
0.7578125	0.0004323601
0.7734375	0.0005746563
0.7890625	-0.0001811048
0.8046875	-0.0001689024
0.8203125	-0.0001495415
0.8359375	-0.0001291275
0.8515625	-0.0001103111
0.8671875	-9.375717e-05
0.8828125	-7.926555e-05
0.8984375	-6.639695e-05
0.9140625	-5.47243e-05
0.9296875	-4.389735e-05
0.9453125	-3.36551e-05
0.9609375	-2.380679e-05
0.9765625	-1.420787e-05
0.9921875	-4.755322e-06
