-0.984375	2.145715e-05
-0.953125	6.426049e-05
-0.921875	0.0001063964
-0.890625	0.0001441675
-0.859375	0.0001665987
-0.828125	0.0001426434
-0.796875	-4.051284e-05
-0.765625	-0.00093947
-0.734375	-0.002565295
-0.703125	-0.001704182
-0.671875	-0.001430496
-0.640625	-0.001236583
-0.609375	-0.001070532
-0.578125	-0.000928814
-0.546875	-0.0008072432
-0.515625	-0.000700737
-0.484375	-0.0006052616
-0.453125	-0.0005181562
-0.421875	-0.0004378031
-0.390625	-0.000363213
-0.359375	-0.000293749
-0.328125	-0.0002289378
-0.296875	-0.0001683975
-0.265625	-0.0001117781
-0.234375	-5.876503e-05
-0.203125	-9.056952e-06
-0.171875	3.761314e-05
-0.140625	8.149619e-05
-0.109375	0.0001228056
-0.078125	0.0001617377
-0.046875	0.0001984531
-0.015625	0.0002330991
0.015625	0.0002657939
0.046875	0.0002966499
0.078125	0.0003257586
0.109375	0.0003532136
0.140625	0.0003790966
0.171875	0.000403499
0.203125	0.0004265065
0.234375	0.0004482205
0.265625	0.0004687413
0.296875	0.0004881874
0.328125	0.0005066777
0.359375	0.0005243495
0.390625	0.0005413394
0.421875	0.0005577996
0.453125	0.0005738779
0.484375	0.0005897373
0.515625	0.0006055476
0.546875	0.0006215424
0.578125	0.0006381176
0.609375	0.0006561614
0.640625	0.00067776
0.671875	0.0007075212
0.703125	0.0007532137
0.734375	0.0008157841
0.765625	0.0004176179
0.796875	-1.927877e-06
0.828125	-1.878278e-06
0.859375	-5.200766e-06
0.890625	-8.377252e-06
0.921875	-8.186061e-06
0.953125	-5.67209e-06
0.984375	-1.989973e-06
