-0.96875	-4.587514e-05
-0.90625	-0.0001425408
-0.84375	-0.0002569437
-0.78125	-0.0003955263
-0.71875	-0.0006023702
-0.65625	-0.0005449863
-0.59375	-0.0004909348
-0.53125	-0.0004391325
-0.46875	-0.0003877815
-0.40625	-0.0003365224
-0.34375	-0.0002853395
-0.28125	-0.0002341865
-0.21875	-0.0001829844
-0.15625	-0.000131669
-0.09375	-8.020701e-05
-0.03125	-2.858461e-05
0.03125	2.320713e-05
0.09375	7.518161e-05
0.15625	0.000127353
0.21875	0.00017973
0.28125	0.0002323031
0.34375	0.0002850341
0.40625	0.0003378514
0.46875	0.0003906715
0.53125	0.0004434542
0.59375	0.0004963152
0.65625	0.000549557
0.71875	0.0006020709
0.78125	0.0001801518
0.84375	-9.606969e-06
0.90625	-5.946486e-06
0.96875	-2.105588e-06
