-0.96875	-5.899207e-06
-0.90625	-2.224961e-05
-0.84375	-0.0001275349
-0.78125	-0.00065974
-0.71875	-0.003818214
-0.65625	-0.004050369
-0.59375	-0.004081043
-0.53125	-0.004085845
-0.46875	-0.004088055
-0.40625	-0.004089525
-0.34375	-0.004090299
-0.28125	-0.004090573
-0.21875	-0.004090561
-0.15625	-0.004090415
-0.09375	-0.004090194
-0.03125	-0.004089916
0.03125	-0.00408956
0.09375	-0.004089104
0.15625	-0.004088505
0.21875	-0.004087721
0.28125	-0.004086685
0.34375	-0.004085299
0.40625	-0.004083391
0.46875	-0.004080623
0.53125	-0.004076209
0.59375	-0.00406836
0.65625	-0.004055046
0.71875	-0.004042939
0.78125	0.0002033579
0.84375	3.243663e-05
0.90625	2.149041e-06
0.96875	1.344836e-07
