-0.96875	-4.493027e-05
-0.90625	-0.0001408659
-0.84375	-0.0002590301
-0.78125	-0.0004052772
-0.71875	-0.0005690259
-0.65625	-0.0004893029
-0.59375	-0.0004416431
-0.53125	-0.0004077904
-0.46875	-0.0003738528
-0.40625	-0.0003357928
-0.34375	-0.000293499
-0.28125	-0.0002478289
-0.21875	-0.000199683
-0.15625	-0.0001497892
-0.09375	-9.868246e-05
-0.03125	-4.672642e-05
0.03125	5.853049e-06
0.09375	5.893196e-05
0.15625	0.0001124487
0.21875	0.0001663702
0.28125	0.0002206582
0.34375	0.0002752412
0.40625	0.0003299928
0.46875	0.000384733
0.53125	0.0004392635
0.59375	0.0004934784
0.65625	0.0005475213
0.71875	0.0006004547
0.78125	0.000203834
0.84375	-8.892863e-06
0.90625	-5.480523e-06
0.96875	-1.891379e-06
