-0.984375	0.0003039083
-0.953125	0.0009009303
-0.921875	0.001441948
-0.890625	0.001843656
-0.859375	0.001940353
-0.828125	0.001387234
-0.796875	-0.0005005124
-0.765625	-0.003969654
-0.734375	0.005174031
-0.703125	0.006928568
-0.671875	0.007346872
-0.640625	0.006907477
-0.609375	0.005831109
-0.578125	0.004467669
-0.546875	0.003117367
-0.515625	0.001947884
-0.484375	0.001011227
-0.453125	0.0002911071
-0.421875	-0.0002559349
-0.390625	-0.0006761666
-0.359375	-0.001007694
-0.328125	-0.001277932
-0.296875	-0.001504499
-0.265625	-0.001697811
-0.234375	-0.001863113
-0.203125	-0.002002786
-0.171875	-0.002117321
-0.140625	-0.00220675
-0.109375	-0.002270725
-0.078125	-0.002309441
-0.046875	-0.002323207
-0.015625	-0.002313106
0.015625	-0.002280303
0.046875	-0.002226654
0.078125	-0.002153915
0.109375	-0.002064353
0.140625	-0.001959931
0.171875	-0.001843022
0.203125	-0.001715612
0.234375	-0.001580069
0.265625	-0.00143832
0.296875	-0.001292636
0.328125	-0.001144659
0.359375	-0.0009959914
0.390625	-0.0008468341
0.421875	-0.0006962634
0.453125	-0.0005404767
0.484375	-0.0003731054
0.515625	-0.0001840567
0.546875	3.806762e-05
0.578125	0.0003033054
0.609375	0.0006114864
0.640625	0.0009411449
0.671875	0.001231623
0.703125	0.001366567
0.734375	0.001161863
0.765625	0.0009954043
0.796875	0.0002667979
0.828125	-0.0002733514
0.859375	-0.0003583703
0.890625	-0.0003263634
0.921875	-0.0002431587
0.953125	-0.0001455175
0.984375	-4.798587e-05
