-0.984375	0.000828306
-0.953125	0.002492344
-0.921875	0.004200126
-0.890625	0.005982413
-0.859375	0.007874894
-0.828125	0.009919062
-0.796875	0.01216903
-0.765625	-3.517405
-0.734375	-6.917772
-0.703125	-6.915434
-0.671875	-6.913173
-0.640625	-6.911122
-0.609375	-6.90928
-0.578125	-6.907645
-0.546875	-6.906211
-0.515625	-6.904972
-0.484375	-6.903921
-0.453125	-6.903052
-0.421875	-6.902358
-0.390625	-6.901833
-0.359375	-6.90147
-0.328125	-6.901261
-0.296875	-6.901199
-0.265625	-6.901279
-0.234375	-6.901493
-0.203125	-6.901836
-0.171875	-6.902302
-0.140625	-6.902885
-0.109375	-6.903582
-0.078125	-6.904389
-0.046875	-6.905304
-0.015625	-6.906324
0.015625	-6.90745
0.046875	-6.908683
0.078125	-6.910023
0.109375	-6.911473
0.140625	-6.913037
0.171875	-6.914716
0.203125	-6.916515
0.234375	-6.918434
0.265625	-6.920476
0.296875	-6.922639
0.328125	-6.92492
0.359375	-6.927314
0.390625	-6.929813
0.421875	-6.932407
0.453125	-6.935084
0.484375	-6.937831
0.515625	-6.94064
0.546875	-6.943504
0.578125	-6.946427
0.609375	-6.949399
0.640625	-6.952322
0.671875	-6.954652
0.703125	-6.95419
0.734375	-6.943429
0.765625	-4.867177
0.796875	0.03255811
0.828125	0.01984377
0.859375	0.01369289
0.890625	0.009805618
0.921875	0.006740871
0.953125	0.00398095
0.984375	0.001335264
