-0.984375	-5.185252e-05
-0.953125	-0.0001517121
-0.921875	-0.0002515833
-0.890625	-0.0003514687
-0.859375	-0.000451366
-0.828125	-0.0005512774
-0.796875	-0.0006511998
-0.765625	-0.0007511354
-0.734375	-0.0008510801
-0.703125	-0.0009510354
-0.671875	-0.001050996
-0.640625	-0.001150962
-0.609375	-0.001250927
-0.578125	-0.00135089
-0.546875	-0.001450843
-0.515625	-0.001550783
-0.484375	-0.0016507
-0.453125	-0.001750593
-0.421875	-0.001850449
-0.390625	-0.001950267
-0.359375	-0.002050033
-0.328125	-0.002149746
-0.296875	-0.002249384
-0.265625	-0.002348944
-0.234375	-0.002448397
-0.203125	-0.002547732
-0.171875	-0.002646911
-0.140625	-0.002745928
-0.109375	-0.00284475
-0.078125	-0.002943405
-0.046875	-0.00304197
-0.015625	-0.002362087
0.015625	0.002325549
0.046875	0.003040887
0.078125	0.002940917
0.109375	0.002840964
0.140625	0.002740983
0.171875	0.002641049
0.203125	0.002541158
0.234375	0.002441336
0.265625	0.002341566
0.296875	0.002241851
0.328125	0.00214217
0.359375	0.002042519
0.390625	0.00194288
0.421875	0.001843249
0.453125	0.001743612
0.484375	0.001643969
0.515625	0.001544313
0.546875	0.001444644
0.578125	0.00134496
0.609375	0.001245263
0.640625	0.001145552
0.671875	0.001045829
0.703125	0.0009460944
0.734375	0.0008463486
0.765625	0.0007465922
0.796875	0.000646825
0.828125	0.0005470477
0.859375	0.0004472592
0.890625	0.0003474603
0.921875	0.0002476494
0.953125	0.0001478278
0.984375	4.799334e-05
