-0.96875	-0.000109677
-0.90625	-0.0003084532
-0.84375	-0.0005074202
-0.78125	-0.0007065424
-0.71875	-0.000905784
-0.65625	-0.001105098
-0.59375	-0.001304436
-0.53125	-0.001503743
-0.46875	-0.001702968
-0.40625	-0.001902054
-0.34375	-0.002100954
-0.28125	-0.002299628
-0.21875	-0.00249804
-0.15625	-0.002696139
-0.09375	-0.002893778
-0.03125	-0.003090918
0.03125	0.003089648
0.09375	0.002884029
0.15625	0.002679376
0.21875	0.002475751
0.28125	0.002273342
0.34375	0.002072168
0.40625	0.001872109
0.46875	0.001672972
0.53125	0.001474516
0.59375	0.001276512
0.65625	0.001078739
0.71875	0.0008810351
0.78125	0.0006832635
0.84375	0.0004853474
0.90625	0.000287228
0.96875	8.888936e-05
