-0.96875	-0.0001090233
-0.90625	-0.0003058756
-0.84375	-0.0005024206
-0.78125	-0.0006982795
-0.71875	-0.0008930122
-0.65625	-0.00108616
-0.59375	-0.001277189
-0.53125	-0.001465615
-0.46875	-0.001650919
-0.40625	-0.001832756
-0.34375	-0.002010834
-0.28125	-0.002185165
-0.21875	-0.002355888
-0.15625	-0.002523442
-0.09375	-0.002688273
-0.03125	-0.002851166
0.03125	0.002850285
0.09375	0.00267963
0.15625	0.002508253
0.21875	0.002335434
0.28125	0.002160721
0.34375	0.001983771
0.40625	0.00180424
0.46875	0.001622046
0.53125	0.001437139
0.59375	0.001249713
0.65625	0.001059954
0.71875	0.0008682072
0.78125	0.0006747688
0.84375	0.0004800089
0.90625	0.0002842366
0.96875	8.779076e-05
